1 40 3 18 51 42 13 16 
4 19 50 41 14 17 28 43 
39 2 47 58 49 52 15 12 
20 5 62 53 46 27 44 29 
61 38 57 48 59 64 11 26 
6 21 60 63 54 45 30 33 
37 56 23 8 35 32 25 10 
22 7 36 55 24 9 34 31 
74608 74544

34 1 18 45 32 11 16 13 
19 44 33 52 17 14 31 10 
2 35 62 43 46 51 12 15 
63 20 57 48 53 42 9 30 
36 3 64 61 50 47 26 41 
21 58 49 56 39 54 29 8 
4 37 60 23 6 27 40 25 
59 22 5 38 55 24 7 28 
1829 1765

49 38 1 16 57 40 11 14 
2 17 48 39 12 15 26 41 
37 50 45 56 47 58 13 10 
18 3 62 59 44 25 42 27 
51 36 55 46 63 60 9 24 
4 19 64 61 54 43 28 31 
35 52 21 6 33 30 23 8 
20 5 34 53 22 7 32 29 
294955 294891

32 61 16 1 30 43 14 11 
17 2 31 44 15 12 29 42 
60 33 62 39 58 45 10 13 
3 18 59 46 63 38 41 28 
34 47 64 57 40 53 24 9 
19 4 49 52 37 56 27 54 
48 35 6 21 50 25 8 23 
5 20 51 36 7 22 55 26 
56059 55995

33 14 35 30 1 16 45 20 
36 29 32 15 46 19 2 17 
13 34 47 56 31 58 21 44 
28 37 62 59 50 55 18 3 
63 12 51 48 57 60 43 22 
38 27 64 61 54 49 4 7 
11 52 25 40 9 6 23 42 
26 39 10 53 24 41 8 5 
8587 8523

14 11 52 33 16 1 46 35 
51 32 15 12 53 34 17 2 
10 13 50 55 58 45 36 47 
31 56 59 62 49 54 3 18 
24 9 64 57 44 61 48 37 
27 30 25 60 63 40 19 4 
8 23 28 43 6 21 38 41 
29 26 7 22 39 42 5 20 
70 6

31 16 45 50 33 18 1 4 
44 49 32 17 46 3 34 19 
15 30 57 48 51 36 5 2 
56 43 62 53 60 47 20 35 
29 14 55 58 63 52 37 6 
42 11 64 61 54 59 24 21 
13 28 9 40 23 26 7 38 
10 41 12 27 8 39 22 25 
64 0

22 41 6 49 20 31 4 1 
7 48 21 42 5 2 19 32 
40 23 62 47 50 43 30 3 
61 8 53 44 59 64 33 18 
24 39 60 63 46 51 14 29 
9 54 45 52 27 58 17 34 
38 25 56 11 36 15 28 13 
55 10 37 26 57 12 35 16 
146761 146697

34 19 2 51 36 21 4 7 
1 50 35 20 3 6 37 22 
18 33 62 49 52 39 8 5 
63 46 53 56 61 58 23 38 
32 17 64 59 48 55 40 9 
45 14 47 54 57 60 27 24 
16 31 12 43 26 29 10 41 
13 44 15 30 11 42 25 28 
167 103

31 16 47 2 33 18 37 4 
46 1 32 17 48 3 34 19 
15 30 59 50 55 36 5 38 
60 45 52 63 58 49 20 35 
29 14 61 56 51 54 39 6 
44 11 64 53 62 57 24 21 
13 28 9 42 23 26 7 40 
10 43 12 27 8 41 22 25 
64 0

2 41 4 19 58 43 14 17 
5 20 1 42 15 18 29 44 
40 3 64 59 46 57 16 13 
21 6 53 48 61 28 45 30 
54 39 60 63 56 47 12 27 
7 22 55 52 49 62 31 34 
38 51 24 9 36 33 26 11 
23 8 37 50 25 10 35 32 
178 114

35 2 19 46 33 12 17 14 
20 45 34 1 18 15 32 11 
3 36 55 44 47 62 13 16 
54 21 60 63 52 43 10 31 
37 4 53 56 61 48 27 42 
22 59 64 49 40 51 30 9 
5 38 57 24 7 28 41 26 
58 23 6 39 50 25 8 29 
1322 1258

32 17 46 49 34 19 2 5 
45 48 33 18 1 4 35 20 
16 31 64 47 50 37 6 3 
63 44 55 52 57 60 21 36 
30 15 62 59 54 51 38 7 
43 12 53 56 61 58 25 22 
14 29 10 41 24 27 8 39 
11 42 13 28 9 40 23 26 
130 66

29 14 45 50 31 16 35 2 
44 49 30 15 46 1 32 17 
13 28 57 48 51 34 3 36 
56 43 62 53 60 47 18 33 
27 12 55 58 63 52 37 4 
42 9 64 61 54 59 22 19 
11 26 7 40 21 24 5 38 
8 41 10 25 6 39 20 23 
64 0

32 13 34 29 48 15 44 19 
35 28 31 14 45 18 1 16 
12 33 64 47 30 49 20 43 
27 36 55 50 61 46 17 2 
54 11 60 63 56 51 42 21 
37 26 57 52 59 62 3 6 
10 53 24 39 8 5 22 41 
25 38 9 58 23 40 7 4 
371 307

25 46 9 36 23 2 7 4 
10 35 24 47 8 5 22 1 
45 26 51 34 37 62 3 6 
50 11 58 61 48 33 38 21 
27 44 49 52 63 60 17 32 
12 57 64 59 30 53 20 39 
43 28 55 14 41 18 31 16 
56 13 42 29 54 15 40 19 
1036 972

35 2 47 18 37 4 41 20 
46 17 36 3 48 19 38 5 
1 34 45 50 63 40 21 42 
16 51 60 57 44 49 6 39 
33 12 55 64 59 62 43 22 
52 15 58 61 56 25 28 7 
11 32 13 54 9 30 23 26 
14 53 10 31 24 27 8 29 
108 44

2 17 48 33 4 19 38 23 
47 32 3 18 37 22 5 20 
16 1 64 49 34 41 24 39 
31 46 59 36 63 50 21 6 
58 15 62 51 42 35 40 25 
45 30 57 60 55 52 7 10 
14 61 28 43 12 9 26 53 
29 44 13 56 27 54 11 8 
767100 767036

35 2 19 46 33 12 17 14 
20 45 34 51 18 15 32 11 
3 36 1 44 47 50 13 16 
54 21 62 49 52 43 10 31 
37 4 53 58 63 48 27 42 
22 55 64 61 40 59 30 9 
5 38 57 24 7 28 41 26 
56 23 6 39 60 25 8 29 
142 78

34 15 36 31 2 17 46 21 
37 30 33 16 47 20 3 18 
14 35 64 1 32 55 22 45 
29 38 53 56 61 48 19 4 
52 13 60 63 54 57 44 23 
39 28 51 58 49 62 5 8 
12 59 26 41 10 7 24 43 
27 40 11 50 25 42 9 6 
2329 2265

45 14 33 30 57 16 35 20 
32 29 44 15 34 19 2 17 
13 46 31 56 1 58 21 36 
28 43 62 59 54 51 18 3 
47 12 55 52 63 60 37 22 
42 27 64 61 50 53 4 7 
11 48 25 40 9 6 23 38 
26 41 10 49 24 39 8 5 
168 104

26 47 10 37 24 3 8 5 
11 36 25 48 9 6 23 2 
46 27 62 35 38 1 4 7 
63 12 57 54 49 34 39 22 
28 45 64 61 56 53 18 33 
13 58 55 52 31 50 21 40 
44 29 60 15 42 19 32 17 
59 14 43 30 51 16 41 20 
119 55

23 46 7 34 21 36 5 2 
8 33 22 47 6 3 20 37 
45 24 51 32 35 62 1 4 
50 9 58 61 48 31 38 19 
25 44 49 52 63 60 15 30 
10 57 64 59 28 53 18 39 
43 26 55 12 41 16 29 14 
56 11 42 27 54 13 40 17 
1036 972

20 45 4 31 18 43 2 29 
5 32 19 44 3 30 17 42 
46 21 60 63 56 53 28 1 
33 6 57 54 59 62 41 16 
22 47 64 61 52 55 12 27 
7 34 51 58 25 38 15 40 
48 23 36 9 50 13 26 11 
35 8 49 24 37 10 39 14 
720 656

32 17 48 3 34 19 38 5 
47 2 33 18 49 4 35 20 
16 31 64 51 60 37 6 39 
1 46 57 54 63 50 21 36 
30 15 52 61 56 59 40 7 
45 12 55 58 53 62 25 22 
14 29 10 43 24 27 8 41 
11 44 13 28 9 42 23 26 
330 266

35 20 3 50 37 22 5 8 
2 49 36 21 4 7 38 23 
19 34 51 60 57 40 9 6 
48 1 58 63 54 61 24 39 
33 18 47 52 59 56 41 10 
46 15 64 55 62 53 28 25 
17 32 13 44 27 30 11 42 
14 45 16 31 12 43 26 29 
419 355

32 17 48 3 34 19 38 5 
47 2 33 18 49 4 35 20 
16 31 58 51 64 37 6 39 
57 46 1 54 61 50 21 36 
30 15 56 59 52 63 40 7 
45 12 53 62 55 60 25 22 
14 29 10 43 24 27 8 41 
11 44 13 28 9 42 23 26 
64 0

33 18 47 50 35 20 3 6 
46 49 34 19 2 5 36 21 
17 32 51 48 61 38 7 4 
52 45 62 1 58 55 22 37 
31 16 53 56 63 60 39 8 
44 13 64 59 54 57 26 23 
15 30 11 42 25 28 9 40 
12 43 14 29 10 41 24 27 
215 151

50 15 40 31 52 17 36 21 
41 30 51 16 39 20 33 18 
14 49 64 53 32 35 22 37 
29 42 55 58 1 38 19 34 
48 13 60 63 54 57 2 23 
43 28 45 56 59 62 5 8 
12 47 26 61 10 7 24 3 
27 44 11 46 25 4 9 6 
9167 9103

27 12 39 52 29 14 33 36 
40 55 28 13 38 35 30 15 
11 26 53 62 51 32 37 34 
54 41 56 59 48 1 16 31 
25 10 61 50 63 58 47 2 
42 7 64 57 60 49 20 17 
9 24 5 44 19 22 3 46 
6 43 8 23 4 45 18 21 
168 104

26 47 10 37 24 3 8 5 
11 36 25 48 9 6 23 2 
46 27 60 35 38 49 4 7 
61 12 53 50 63 34 1 22 
28 45 62 59 52 39 18 33 
13 54 51 64 31 58 21 40 
44 29 56 15 42 19 32 17 
55 14 43 30 57 16 41 20 
711 647

5 42 7 22 3 44 17 20 
8 23 4 43 18 21 2 45 
41 6 49 62 51 64 19 16 
24 9 58 53 48 31 46 1 
57 40 61 50 63 52 15 30 
10 25 56 59 54 47 32 35 
39 60 27 12 37 34 29 14 
26 11 38 55 28 13 36 33 
16574 16510

11 44 13 28 9 42 23 26 
14 29 10 43 24 27 8 41 
45 12 59 38 53 64 25 22 
30 15 52 63 60 37 40 7 
1 46 61 58 39 54 21 36 
16 31 48 51 62 57 6 55 
47 2 33 18 49 4 35 20 
32 17 50 3 34 19 56 5 
2216 2152

32 51 16 43 30 9 14 11 
17 42 31 50 15 12 29 8 
52 33 60 41 44 49 10 13 
61 18 53 46 63 40 7 28 
34 1 62 59 48 45 24 39 
19 54 47 64 37 58 27 6 
2 35 56 21 4 25 38 23 
55 20 3 36 57 22 5 26 
5050 4986

33 18 49 4 35 20 39 6 
48 3 34 19 50 5 36 21 
17 32 51 60 57 38 7 40 
2 47 58 63 54 61 22 37 
31 16 1 52 59 56 41 8 
46 13 64 55 62 53 26 23 
15 30 11 44 25 28 9 42 
12 45 14 29 10 43 24 27 
395 331

30 51 14 41 28 7 12 9 
15 40 29 50 13 10 27 6 
52 31 62 39 42 49 8 11 
63 16 53 44 61 38 5 26 
32 45 64 1 48 43 22 37 
17 56 47 54 35 60 25 4 
46 33 58 19 2 23 36 21 
57 18 55 34 59 20 3 24 
1970 1906

9 60 11 26 7 52 21 24 
12 27 8 51 22 25 6 49 
61 10 59 36 53 50 23 20 
28 13 62 41 56 35 48 5 
63 42 37 58 1 54 19 34 
14 29 64 55 40 57 4 47 
43 38 31 16 45 2 33 18 
30 15 44 39 32 17 46 3 
797 733

26 39 10 53 24 41 8 5 
11 52 25 40 9 6 23 42 
38 27 62 51 54 49 4 7 
61 12 55 48 59 64 43 22 
28 37 60 63 50 1 18 3 
13 34 47 56 31 58 21 44 
36 29 32 15 46 19 2 17 
33 14 35 30 57 16 45 20 
6799 6735

55 14 39 30 57 16 35 20 
40 29 56 15 38 19 32 17 
13 54 47 58 31 34 21 36 
28 41 62 53 48 37 18 33 
61 12 49 46 59 64 1 22 
42 27 60 63 52 45 4 7 
11 50 25 44 9 6 23 2 
26 43 10 51 24 3 8 5 
9404 9340

26 11 38 53 28 13 32 35 
39 52 27 12 37 34 29 14 
10 25 64 51 54 31 36 33 
63 40 57 60 47 50 15 30 
24 9 62 49 58 55 46 1 
41 6 59 56 61 48 19 16 
8 23 4 43 18 21 2 45 
5 42 7 22 3 44 17 20 
73 9

14 55 10 31 24 27 8 29 
11 32 13 54 9 30 23 26 
56 15 62 41 58 25 28 7 
33 12 57 50 53 40 43 22 
16 61 52 63 42 59 6 39 
1 34 49 60 51 64 21 44 
48 17 36 3 46 19 38 5 
35 2 47 18 37 4 45 20 
3389 3325

29 58 13 38 27 40 11 8 
14 37 28 57 12 9 26 41 
49 30 59 36 39 56 7 10 
60 15 50 53 62 35 42 25 
31 48 61 64 55 52 21 6 
16 1 54 51 34 63 24 43 
47 32 3 18 45 22 5 20 
2 17 46 33 4 19 44 23 
698 634

32 49 16 43 30 9 14 11 
17 42 31 50 15 12 29 8 
48 33 60 41 44 51 10 13 
61 18 53 46 63 40 7 28 
34 47 62 59 52 45 24 39 
19 54 1 64 37 58 27 6 
2 35 56 21 4 25 38 23 
55 20 3 36 57 22 5 26 
516 452

27 40 11 50 25 42 9 6 
12 59 26 41 10 7 24 43 
39 28 51 58 49 62 5 8 
52 13 60 63 54 57 44 23 
29 38 53 56 61 48 19 4 
14 35 64 1 32 55 22 45 
37 30 33 16 47 20 3 18 
34 15 36 31 2 17 46 21 
305 241

36 49 8 23 34 47 6 21 
9 24 35 48 7 22 33 46 
50 37 64 59 54 57 20 5 
25 10 53 56 63 60 45 32 
38 51 26 61 58 55 4 19 
11 14 39 52 1 62 31 44 
40 27 16 13 42 29 18 3 
15 12 41 28 17 2 43 30 
207 143

29 48 13 40 27 6 11 8 
14 39 28 49 12 9 26 5 
47 30 53 38 41 62 7 10 
52 15 60 63 50 37 4 25 
31 46 51 54 61 42 21 36 
16 55 64 59 34 1 24 3 
45 32 57 18 43 22 35 20 
56 17 44 33 58 19 2 23 
207 143

48 11 42 27 46 13 32 17 
41 26 47 12 43 16 29 14 
10 49 64 45 28 31 18 33 
25 40 55 58 61 44 15 30 
50 9 60 63 54 57 34 19 
39 24 53 56 59 62 1 4 
8 51 22 37 6 3 20 35 
23 38 7 52 21 36 5 2 
111 47

35 8 49 24 37 10 39 14 
48 23 36 9 50 13 26 11 
7 34 51 58 25 38 15 40 
22 47 60 63 54 57 12 27 
33 6 55 52 59 62 41 16 
46 21 64 61 56 53 28 1 
5 32 19 44 3 30 17 42 
20 45 4 31 18 43 2 29 
390 326

31 48 15 42 29 8 13 10 
16 41 30 61 14 11 28 7 
47 32 49 40 43 62 9 12 
50 17 60 45 52 39 6 27 
33 46 51 54 63 44 23 38 
18 55 64 59 36 53 26 5 
1 34 57 20 3 24 37 22 
56 19 2 35 58 21 4 25 
2065 2001

10 61 12 27 8 41 22 25 
13 28 9 42 23 26 7 40 
60 11 62 37 64 43 24 21 
29 14 57 44 47 36 39 6 
56 59 46 63 38 51 20 35 
15 30 55 58 45 48 5 50 
54 1 32 17 52 3 34 19 
31 16 53 2 33 18 49 4 
169049 168985

23 8 45 50 25 10 29 32 
44 49 24 9 46 31 26 11 
7 22 63 48 51 28 33 30 
62 43 56 53 58 47 12 27 
21 6 61 64 55 52 59 34 
42 3 54 57 60 37 16 13 
5 20 1 40 15 18 35 38 
2 41 4 19 36 39 14 17 
98 34

26 11 48 61 28 13 32 35 
47 62 27 12 49 34 29 14 
10 25 46 51 60 31 36 33 
63 58 53 56 45 50 15 30 
24 9 64 59 52 55 44 37 
3 6 57 54 43 40 19 16 
8 23 4 1 18 21 38 41 
5 2 7 22 39 42 17 20 
302 238

29 60 13 40 27 6 11 8 
14 39 28 61 12 9 26 5 
59 30 53 38 41 62 7 10 
54 15 58 43 56 37 4 25 
31 44 55 52 63 42 21 36 
16 47 64 57 34 51 24 3 
45 32 49 18 1 22 35 20 
48 17 46 33 50 19 2 23 
266 202

8 53 10 25 6 39 20 23 
11 26 7 40 21 24 5 38 
52 9 54 35 50 41 22 19 
27 12 51 42 57 34 37 4 
62 43 58 55 36 49 18 33 
13 28 61 64 59 56 3 48 
44 63 30 15 46 1 32 17 
29 14 45 60 31 16 47 2 
1260474 1260410

25 38 9 48 23 40 7 4 
10 49 24 39 8 5 22 41 
37 26 55 52 47 62 3 6 
50 11 60 63 56 53 42 21 
27 36 51 54 61 46 17 2 
12 33 64 59 30 57 20 43 
35 28 31 14 45 18 1 16 
32 13 34 29 58 15 44 19 
206 142

52 13 44 29 50 15 34 19 
43 28 51 14 45 18 31 16 
12 53 46 49 30 33 20 35 
27 42 59 62 37 48 17 32 
54 11 64 47 58 61 36 21 
41 26 57 60 63 38 3 6 
10 55 24 39 8 5 22 1 
25 40 9 56 23 2 7 4 
10257 10193

28 49 12 37 26 39 10 7 
13 36 27 50 11 8 25 40 
48 29 64 35 38 51 6 9 
59 14 57 54 61 34 41 24 
30 47 60 63 52 55 20 5 
15 58 53 56 33 62 23 42 
46 31 2 17 44 21 4 19 
1 16 45 32 3 18 43 22 
591 527

25 10 45 54 27 12 31 34 
46 61 26 11 50 33 28 13 
9 24 55 44 53 30 35 32 
60 47 62 49 56 51 14 29 
23 8 59 52 43 64 57 36 
2 5 48 63 58 39 18 15 
7 22 3 42 17 20 37 40 
4 1 6 21 38 41 16 19 
138 74

20 5 44 39 22 7 26 29 
45 38 21 6 43 28 23 8 
4 19 64 59 40 25 30 27 
37 46 51 42 53 58 9 24 
18 3 60 63 50 41 54 31 
47 36 49 52 57 62 13 10 
2 17 34 61 12 15 32 55 
35 48 1 16 33 56 11 14 
4428 4364

5 20 55 36 7 22 41 26 
56 35 6 21 40 25 8 23 
19 4 57 54 37 64 27 42 
34 49 62 39 60 53 24 9 
3 18 51 58 63 38 43 28 
50 33 48 61 52 59 10 13 
17 2 31 46 15 12 29 44 
32 47 16 1 30 45 14 11 
2082 2018

26 39 10 53 24 41 8 5 
11 54 25 40 9 6 23 42 
38 27 64 61 52 49 4 7 
63 12 55 50 57 60 43 22 
28 37 62 59 48 51 18 3 
13 34 47 56 31 58 21 44 
36 29 32 15 46 19 2 17 
33 14 35 30 1 16 45 20 
16576 16512

35 48 7 22 33 46 5 20 
8 23 34 47 6 21 32 45 
49 36 51 64 57 60 19 4 
24 9 58 61 54 63 44 31 
37 50 25 52 59 56 3 18 
10 13 38 55 62 53 30 43 
39 26 15 12 41 28 17 2 
14 11 40 27 16 1 42 29 
720 656

28 47 12 39 26 5 10 7 
13 38 27 48 11 8 25 4 
46 29 60 37 40 49 6 9 
61 14 53 50 63 36 3 24 
30 45 62 59 52 41 20 35 
15 54 51 64 33 58 23 2 
44 31 56 17 42 21 34 19 
55 16 43 32 57 18 1 22 
711 647

7 44 9 24 5 46 19 22 
10 25 6 45 20 23 4 47 
43 8 51 34 53 64 21 18 
26 11 56 63 50 33 48 3 
57 42 59 52 35 54 17 32 
12 27 62 55 60 49 2 37 
41 58 29 14 39 36 31 16 
28 13 40 61 30 15 38 1 
1952 1888

Casa inicial: linha 1, coluna 1: 0.503707 segundos
Casa inicial: linha 1, coluna 2: 0.015036 segundos
Casa inicial: linha 1, coluna 3: 1.846013 segundos
Casa inicial: linha 1, coluna 4: 0.359675 segundos
Casa inicial: linha 1, coluna 5: 0.068639 segundos
Casa inicial: linha 1, coluna 6: 0.000377 segundos
Casa inicial: linha 1, coluna 7: 0.000285 segundos
Casa inicial: linha 1, coluna 8: 0.937291 segundos
Casa inicial: linha 2, coluna 1: 0.001223 segundos
Casa inicial: linha 2, coluna 2: 0.000310 segundos
Casa inicial: linha 2, coluna 3: 0.001325 segundos
Casa inicial: linha 2, coluna 4: 0.010887 segundos
Casa inicial: linha 2, coluna 5: 0.001496 segundos
Casa inicial: linha 2, coluna 6: 0.000499 segundos
Casa inicial: linha 2, coluna 7: 0.002922 segundos
Casa inicial: linha 2, coluna 8: 0.008473 segundos
Casa inicial: linha 3, coluna 1: 0.000699 segundos
Casa inicial: linha 3, coluna 2: 4.794656 segundos
Casa inicial: linha 3, coluna 3: 0.000943 segundos
Casa inicial: linha 3, coluna 4: 0.021948 segundos
Casa inicial: linha 3, coluna 5: 0.001841 segundos
Casa inicial: linha 3, coluna 6: 0.001315 segundos
Casa inicial: linha 3, coluna 7: 0.009322 segundos
Casa inicial: linha 3, coluna 8: 0.008676 segundos
Casa inicial: linha 4, coluna 1: 0.004171 segundos
Casa inicial: linha 4, coluna 2: 0.003460 segundos
Casa inicial: linha 4, coluna 3: 0.000846 segundos
Casa inicial: linha 4, coluna 4: 0.002485 segundos
Casa inicial: linha 4, coluna 5: 0.083096 segundos
Casa inicial: linha 4, coluna 6: 0.001176 segundos
Casa inicial: linha 4, coluna 7: 0.004869 segundos
Casa inicial: linha 4, coluna 8: 0.121676 segundos
Casa inicial: linha 5, coluna 1: 0.017347 segundos
Casa inicial: linha 5, coluna 2: 0.043551 segundos
Casa inicial: linha 5, coluna 3: 0.002787 segundos
Casa inicial: linha 5, coluna 4: 0.015522 segundos
Casa inicial: linha 5, coluna 5: 0.005385 segundos
Casa inicial: linha 5, coluna 6: 0.054535 segundos
Casa inicial: linha 5, coluna 7: 0.072064 segundos
Casa inicial: linha 5, coluna 8: 0.000406 segundos
Casa inicial: linha 6, coluna 1: 0.030002 segundos
Casa inicial: linha 6, coluna 2: 0.004513 segundos
Casa inicial: linha 6, coluna 3: 0.005551 segundos
Casa inicial: linha 6, coluna 4: 0.003448 segundos
Casa inicial: linha 6, coluna 5: 0.001467 segundos
Casa inicial: linha 6, coluna 6: 0.001353 segundos
Casa inicial: linha 6, coluna 7: 0.000692 segundos
Casa inicial: linha 6, coluna 8: 0.002565 segundos
Casa inicial: linha 7, coluna 1: 0.017272 segundos
Casa inicial: linha 7, coluna 2: 1.132812 segundos
Casa inicial: linha 7, coluna 3: 0.000575 segundos
Casa inicial: linha 7, coluna 4: 0.002199 segundos
Casa inicial: linha 7, coluna 5: 0.001964 segundos
Casa inicial: linha 7, coluna 6: 8.050020 segundos
Casa inicial: linha 7, coluna 7: 0.001560 segundos
Casa inicial: linha 7, coluna 8: 0.084517 segundos
Casa inicial: linha 8, coluna 1: 0.004372 segundos
Casa inicial: linha 8, coluna 2: 0.000984 segundos
Casa inicial: linha 8, coluna 3: 0.038921 segundos
Casa inicial: linha 8, coluna 4: 0.018858 segundos
Casa inicial: linha 8, coluna 5: 0.125475 segundos
Casa inicial: linha 8, coluna 6: 0.005631 segundos
Casa inicial: linha 8, coluna 7: 0.005918 segundos
Casa inicial: linha 8, coluna 8: 0.017848 segundos

